X,Y,0,1,2,3,4,5,6,7,8,9,10,11,12,13,14,15,16,17,18,19,20,21,22,23,24,25,26,27,28,29,30,31,32,33,34,35,36,37,38,39,40,41,42,43,44,45,46,47,48,49,50,51,52,53,54,55,56,57,58,59,60,61,62,63,64,65,66,67,68,69,70,71,72,73,74,75,76,77,78,79,80,81,82,83,84,85,86,87,88,89,90,91,92,93,94,95,96,97,98,99
0.703784921208697,0.9134119140794353,0.0,0.5317681230419095,0.7243545851077118,0.7726783136369436,0.5756240913351155,0.8555232102908261,0.29498168456027857,0.3861909770932239,0.44116929234734453,0.7192976767328301,0.27709264500450814,0.32324965322666965,0.9138338697819475,0.7160545797227524,0.42895484928671995,0.907368604384191,0.2698368950748404,0.7952992391592361,0.7333193441828733,1.0826281285705666,0.6508063381620579,0.7000403685260167,0.9359728245845826,0.49206412091095875,0.3218402355618161,0.5444748680230425,0.921510422752274,0.8669432261764284,0.5446893005936765,0.648589729132683,0.09950723913528561,0.05798030418850439,1.064407893839322,1.0143810375540714,0.08945168476695965,0.932987723272179,0.19291459417937498,0.5243988715219321,0.6095023349829125,0.18447146431909697,0.7466932471612889,0.5956897791297555,0.18704335515320042,0.49497227394486576,0.5687089059974699,0.5016703207452929,0.3488461000761244,0.41898849341368727,0.2351599256132346,0.8306006017848894,0.1627612408207263,0.18476075776846915,0.15652096980711205,1.0852441032233926,0.6073702494883603,0.13948848208040462,0.6532766937187962,0.09447178145684473,0.3990112797491321,0.1025426232292517,0.512807991946676,0.5389810636184966,1.1103910265961712,0.21802652065557315,0.5194539726139493,0.3926337797221834,0.4059951666494008,0.7023196985110401,0.43976839687031616,0.6391703790168693,1.027471305262714,0.3796812817194652,0.5102445320973777,0.9377706337472385,0.6549824361081711,0.4200402260569116,0.3317257865551404,0.7117805655589581,0.8669974880689065,0.913796408350411,0.3557240922589665,0.2177105558226518,0.4912359329801895,0.9055153553484818,0.21998485465831583,0.38471378308061127,0.6531144122303574,0.7457030048655715,0.8695809007362472,0.72691192056857,0.8694262237820606,0.1606234294795777,0.11378380795026045,0.2338507350494427,0.5694535398539088,0.486546639211789,0.46783436686142993,0.4435321097167947,0.7108284195560249,0.763295902945969
0.9202642877288214,0.42770210302497347,0.5317681230419095,0.0,0.6517750013927412,0.611237347588832,0.296758722485526,0.5741840231811047,0.7300105868838082,0.15693470277443308,0.5935451308031927,0.8400490877614325,0.41868677983330366,0.22796855761108542,0.4081703982763515,0.4500603360001373,0.30213388025198396,0.4064742780431151,0.5538527473491085,0.9206640045658803,0.48011558798219445,0.9346486488077576,1.029126184575467,1.0136811793036629,0.6683764469358455,0.8784023020727637,0.7289253247195535,0.800617990139288,0.922004617108445,0.8248174295812828,0.4115808366297684,0.8716179338113349,0.47374504651032245,0.5742304959312703,0.9619385648510304,0.9466745023615413,0.4889245700100363,0.6376791668868296,0.33887050108555844,0.054142139060908354,0.7124761103291483,0.3740804367995091,0.4858228114039605,0.9271334642114009,0.34960273905719874,0.634336607087818,0.30737909107649786,0.0593107462992756,0.6729082608597823,0.15380263317854603,0.308767095438414,0.3039410846683377,0.3791728292259931,0.5946425373691513,0.5101572013843824,0.9553558077914113,0.07566782793202455,0.5537805122120021,0.9140277442828237,0.4680409041118976,0.8040585831793746,0.6261277899475889,0.8569173324753312,0.20072063994930506,0.9905817391911842,0.4473094149968373,0.8958478611767112,0.5582560293843427,0.18727131678157677,0.8878521559596775,0.19921091642276992,0.9498793442367285,0.8590332951816895,0.29002241025939307,0.5279924583543549,0.6551862743867508,0.8405085036032671,0.4148623479293195,0.4286536885466746,0.721824773568235,0.8732783165900403,0.6750274709825084,0.22633809732326063,0.31454288359702454,0.3447136167997747,0.9232299615492007,0.31808212375306555,0.484758554469431,0.3459080161095494,0.5093719577430333,0.8400388699782202,0.5782485350267209,0.60418643292986,0.48206967209923257,0.48367421982610775,0.41978172201950736,0.8823242663940695,0.32061893116252427,0.06429808679107278,0.24346448610239205,0.6928396960052807,0.9301913844197439
0.2760294346033252,0.328848137708057,0.7243545851077118,0.6517750013927412,0.0,0.11786949476833848,0.36042268258568405,0.2917584817710806,0.6365981794473372,0.6789210061334314,0.3163000536022775,0.28400984855240574,0.8652766333366723,0.7014860845376784,0.6933058708002972,0.26696193416191627,0.38512024224777447,0.6766048493475618,0.4797146507573103,0.3385906404169961,0.24546263025558482,0.35837028435244,0.6949045034674413,0.6000019736780143,0.3107931505968807,0.622956698829526,0.5998176869163604,0.42688930334050695,0.2710085516703078,0.17389811804389552,0.24529668461489385,0.41308780737152184,0.7642274333404486,0.7113374981299692,0.34583771003176494,0.3089831371743998,0.7694674493667978,0.3425018568156177,0.6484790592298812,0.597820968705609,0.22464850532243477,0.5819582811408445,0.25344386005742886,0.5728739164663122,0.6859915075468015,0.28355477739484203,0.34738268337533923,0.6924374249145219,0.4941667893592434,0.5386486887129567,0.697823175319618,0.7292815604947708,0.7065421105815933,0.5961730776835688,0.5732252966943459,0.3615833344346828,0.6788020680730258,0.8499752456507558,0.4783724397211083,0.7526830261949946,0.6186217087352183,0.7397852623215885,0.5569734211817366,0.4529286608924244,0.3886449148951674,0.5072402322904903,0.6173733312842237,0.3509190766446168,0.5095757528026108,0.3785291293697086,0.47341149824863854,0.5585455832028836,0.3078032723687962,0.4296806724919925,0.21421446481140527,0.329422241507198,0.35576182608069334,0.3197512824803842,0.39661533317019004,0.11360076490408058,0.22532010786291362,0.2658453444578811,0.743822313032325,0.6554985505403519,0.31936679571207993,0.27538325785651546,0.6055951810799941,0.33981883251148126,0.34390838647927796,0.22020835683767132,0.1882872366337649,0.10501005986698105,0.27559334485250475,0.5640726147803931,0.6105880932177441,0.8331503168279146,0.5274897672460406,0.3417211623012657,0.6315689556512246,0.42863695788963135,0.07309525601127656,0.38403015217127134
0.34158035720485047,0.23088746017348594,0.7726783136369436,0.611237347588832,0.11786949476833848,0.0,0.31481272534229465,0.17420185981195516,0.7234007901675948,0.6650655976893863,0.40256793426757487,0.40113298341485143,0.8787196151973876,0.698803519352016,0.5938907597242727,0.1790275409023632,0.38519767161968205,0.5767793033307775,0.5499393597429708,0.4515612985719438,0.15127534034620277,0.333409877455369,0.8091270315083368,0.7171400008468524,0.198834396488185,0.7291487171511921,0.6895292070067617,0.5382527220471077,0.3457003833042915,0.2392782663606972,0.24149886093916126,0.5302127396611057,0.7990224692908252,0.7677937535517865,0.3509703988237329,0.3383359745435611,0.8063001617526327,0.2261241434729578,0.6694274224038704,0.5573671289669924,0.33840197133706856,0.6128405521628759,0.15473252264820847,0.6865288467403482,0.7062844198912852,0.3802339641296646,0.305544857762066,0.658673227189554,0.5838940772782788,0.520789901526349,0.7099364098959088,0.6439487794581027,0.7304000407275614,0.665610031058577,0.6298121498842437,0.3487300327290794,0.6260000378937536,0.8889287217803341,0.595294205745822,0.7876523603314441,0.7167232069489413,0.8018323113549782,0.6655769371236565,0.4110852500302041,0.38239370268788825,0.5553388655010326,0.7256812465206971,0.42789634307686697,0.49667586499448113,0.496370341787057,0.455444744563662,0.6743104256730416,0.2650054367748955,0.436008455461538,0.2798276722865292,0.21492317272149702,0.4732192042425929,0.35318055334677884,0.441202550956372,0.23072941866302737,0.31121853655035003,0.15850478280341138,0.7367508071051143,0.6716110174186354,0.3133808024695853,0.3583974057186111,0.6248680521952569,0.3981935346073922,0.2749639152956534,0.12096323566611487,0.2596679099009008,0.04577218412443634,0.15798163233965404,0.616138535863067,0.6599819603456387,0.8509633849625845,0.6402171661163808,0.33109415024692823,0.602328493649793,0.415131835695224,0.19067478386041267,0.5003131922255644
0.6362205207085537,0.34176679137616794,0.5756240913351155,0.296758722485526,0.36042268258568405,0.31481272534229465,0.0,0.3074400226898829,0.6493959586709924,0.36193022067008646,0.39902712183839567,0.5835504869279383,0.6033845503880022,0.4074230237796593,0.4139174367467802,0.16718293904959228,0.1504070717608112,0.4009070095458299,0.4496147147747932,0.6588635217408418,0.19466381276216022,0.6422097300494369,0.867934886142876,0.8191342300793935,0.39988429736467074,0.7398551439071782,0.6309473044070734,0.6053558037443865,0.6313782232861832,0.5312739883865621,0.14160058698626138,0.6509252570134698,0.5679356928896806,0.5925524815093368,0.6657590099469519,0.6500408695225639,0.5791645991018766,0.38141322847822207,0.42014889297049207,0.24274249495343478,0.46564932492595085,0.39223494393882147,0.20377531050454448,0.7510651236170897,0.45241863898018086,0.4202747273495523,0.01606965670547474,0.3440344855268399,0.5425198649451727,0.21967166636304117,0.44068615991347077,0.40202671885662655,0.48165794823835917,0.5410356978105737,0.4729638543204904,0.6611019930045,0.31841857292970727,0.6610822667595163,0.7049149763753109,0.5577946023448693,0.6891457108974728,0.6388055909888155,0.6973932669761898,0.09627514760113007,0.6957709044587915,0.38925749154072153,0.7489087063993123,0.3852470495318383,0.20459506271233704,0.6499889262446549,0.16034175805115086,0.760466029456592,0.5683094115921449,0.1961619256453574,0.28880269090721744,0.3930792377855076,0.6080431551924185,0.2263417226889955,0.29928364484849873,0.4432073347285988,0.5850867997221876,0.3957229544251948,0.43862971812592144,0.4125918389779127,0.1146414510361704,0.6352397497963185,0.3768964768306012,0.31354902262159634,0.07844521585633168,0.22055742090055164,0.5475952389697146,0.28160369667908175,0.3315857747987308,0.4490232296678923,0.47875920229746793,0.5838538724996621,0.7024815876678477,0.10298671633911109,0.28926218965509626,0.13615199826303798,0.4097003708637401,0.6814427485752553
0.4516687160128151,0.09588064102381144,0.8555232102908261,0.5741840231811047,0.2917584817710806,0.17420185981195516,0.3074400226898829,0.0,0.8560070294904362,0.666243980933928,0.5442096670188019,0.5753348373742463,0.9105273384241799,0.7146278809287324,0.45156263345144654,0.14295070450105726,0.4321565060020043,0.4341406651424995,0.6679275309331895,0.624253491598903,0.12228410051190983,0.3840289222404768,0.9757917761360415,0.8886468976482282,0.0944277677125159,0.8855012950730309,0.8262930004398426,0.7024924746481271,0.4957391675673669,0.39140301098046815,0.3140730845345851,0.7019616845054877,0.8630255422755969,0.8613475395585571,0.4364530419481534,0.45092473563063473,0.8728153803979636,0.07746670808484629,0.7199596059830714,0.5243783960700219,0.5071243523079009,0.6795729988451602,0.10928006624352025,0.8527959331772539,0.754166933685277,0.5325936548445143,0.3067558115833916,0.6295651226182244,0.7229392281697756,0.5263947809558885,0.7463152167895981,0.5268330578398591,0.7821100668801058,0.7785083271251981,0.7282704744028412,0.4127894727594564,0.5676497545426775,0.9559142890142975,0.7665848006631301,0.8522712195650592,0.8632057611202724,0.9016720224898777,0.8254541568710332,0.39172971580030863,0.4498992891514694,0.6469658234549427,0.8847403735633171,0.5590383159983424,0.511931045456445,0.6702074393076756,0.46767361268440744,0.8436149484079762,0.30580699039107345,0.4846606727524324,0.4126074228179644,0.08570939458208056,0.6456502925408196,0.4451924212731267,0.5364785123134769,0.40491890286386434,0.4704666805249716,0.10796287659598515,0.7443158707664855,0.7154160045415499,0.36501062775116805,0.5137158264371775,0.6755066015348986,0.5121972029827608,0.2356405473775585,0.11298699241933907,0.4134085896315095,0.1959765364496931,0.03420132505714818,0.7096029585462154,0.7482323038000942,0.8898372407559796,0.8054645077880765,0.37291262278441184,0.5839293521986774,0.4390149086578808,0.3647584276004921,0.6743576270195345
0.41119894888186836,0.9509304831297599,0.29498168456027857,0.7300105868838082,0.6365981794473372,0.7234007901675948,0.6493959586709924,0.8560070294904362,0.0,0.6154298506198558,0.3216473423839745,0.52148566129836,0.5708924834275897,0.5693795350118591,1.0498112224046885,0.7377968235340234,0.5065101583097572,1.0392605813014386,0.19978398946016335,0.5826915906885209,0.7438286280190916,0.9776566112577115,0.35586348373474963,0.4148635487106889,0.9158945382935434,0.1982315546697334,0.043099719358547964,0.3046893450406383,0.7567880600666769,0.7330254026668628,0.5550590914418371,0.40705118674027685,0.3936070384977135,0.23903637294481225,0.9370052073908982,0.8741270790625407,0.3844062345650398,0.9290513069667357,0.4270544743042844,0.7037286010869415,0.4490159439572634,0.36308461063473285,0.7581088265012795,0.3109261119832775,0.44240137959593945,0.3548542316096908,0.6365966414565898,0.718894826378,0.14306275827065695,0.5843357619994263,0.49078258024522664,0.9979465184264228,0.43044872553982705,0.13819519448546574,0.22227887725404724,0.970262895096461,0.8024483064721492,0.4188717336134057,0.3920567996880665,0.3870170979844367,0.10511512545378927,0.21705265064148407,0.23045874787277087,0.6567178416268891,0.9875067328586817,0.2849617126698584,0.22650397578563936,0.29759784563154223,0.5571573391358109,0.47207355940426743,0.5715722220759798,0.3584761536692667,0.9398620102205063,0.47848266141288615,0.4461498640810067,0.9259137354499278,0.43300018299370996,0.4290498679745671,0.3502951388998419,0.5793597650100129,0.7068323584448927,0.8808737405097677,0.6121133922493414,0.45468510760152603,0.5375741554228921,0.7338639707477475,0.42592958650836005,0.3482186501549583,0.7139426834914324,0.7440377033299419,0.7283827583734219,0.6816072262733236,0.8585327666207514,0.24967879754263478,0.2616816222694417,0.5271929175982534,0.2942946473338879,0.5464126564186053,0.6679451671463461,0.5508147915650644,0.5949819717798607,0.5338723412458372
0.905215677822517,0.5839136271670403,0.3861909770932239,0.15693470277443308,0.6789210061334314,0.6650655976893863,0.36193022067008646,0.666243980933928,0.6154298506198558,0.0,0.5441163917048202,0.8183214156556413,0.26770861545014935,0.07103942006587896,0.5637716566032736,0.5288158385483389,0.294983410630657,0.5612365534463727,0.4618378359488999,0.9010850260324893,0.5565940194075029,0.9978821790718059,0.9394521947416214,0.9424522325803137,0.7599772456291854,0.782425349193255,0.6214461322769406,0.7375939071399367,0.9398528584388316,0.8518029269501204,0.4345943998466326,0.821451600724286,0.31986809140094075,0.4335815693779048,1.0122100614984266,0.9859872618351261,0.33526937586410976,0.737017445647709,0.19701302047651914,0.172814925489243,0.6886324948827475,0.2524986202611675,0.5655029223130897,0.8482074013978921,0.1997024839408587,0.5930970669450543,0.36643264797249,0.11625434279464181,0.5832047129299781,0.14441551890597085,0.1548701480558422,0.4604261114038484,0.22736075653885962,0.4772795074419283,0.3933856200754133,1.0137071577256693,0.22916326389409888,0.39736238353774994,0.8547701875752365,0.3150376740346529,0.7003557506149745,0.48488128067372827,0.7719326169160055,0.2749198314531657,1.0468532619463433,0.34767585450080535,0.8032144867913618,0.5004162443528634,0.16979685948102238,0.8492512148501443,0.2096331436106433,0.8775992173780963,0.9262474693696185,0.2577113284365892,0.5133634553220096,0.7510922567194781,0.7997545349845929,0.3884593075615784,0.3677709228716637,0.7272211664241619,0.8874948960173915,0.7576301414963015,0.07973297954919567,0.16999468817993,0.35987212032560495,0.9359254254154795,0.18953828175334253,0.43568803767381026,0.43063208130444164,0.5820011448405217,0.8638077175666414,0.6254679494286353,0.6923088173167736,0.3666190480570508,0.3568611829678329,0.2644908480038062,0.8070541273930495,0.3384236690818041,0.10178968381070402,0.251640542686081,0.7051999339331582,0.8987539503585614
0.36330604857733884,0.6328687234617764,0.44116929234734453,0.5935451308031927,0.3163000536022775,0.40256793426757487,0.39902712183839567,0.5442096670188019,0.3216473423839745,0.5441163917048202,0.0,0.2900275417111928,0.643853056772775,0.5344701226021853,0.8124171802397503,0.44055709364631557,0.29731446666270633,0.7989243492238489,0.1746953608667959,0.37150384180415774,0.44050563510987156,0.6658845372845988,0.46910311892129497,0.42620368183806623,0.5974717414139599,0.34969659984276674,0.2869717524445981,0.2106399649920933,0.48054230569535356,0.43263733067988375,0.2709671324231565,0.2793386429814179,0.5040938735363744,0.41565823084102677,0.635050462407104,0.5793190938888522,0.5050025314591953,0.6142765450929838,0.42979505001283314,0.5492221438477002,0.16971666756521112,0.3487800533182765,0.4544454012946225,0.3522951836966551,0.4643107781685297,0.05552991009151776,0.38344704670679913,0.6091073849202983,0.18135257266177457,0.4422337968075838,0.4943590352159596,0.7942692330949797,0.4744345064409174,0.28727328674361824,0.28468100943339164,0.6624887764337776,0.6507665836251928,0.577612396653831,0.3207921260670199,0.4929398062350384,0.31902510216511965,0.43585762722702365,0.300198360103216,0.44556678860307947,0.6836236369939827,0.2448487616560545,0.3546880004439617,0.05065199803556794,0.4077470198580318,0.30565769027495787,0.39638540459387495,0.364864245469578,0.6224930260053478,0.3038624428980241,0.1325026738027002,0.6091406932848672,0.2558880314667312,0.1840855174783858,0.17662162697209127,0.27552657395914754,0.42621487726552226,0.5606750237562904,0.582723231149184,0.44763210177884677,0.28749395940205424,0.4643665686360338,0.3972897559516704,0.10978747057981247,0.44408901323353966,0.43532290873701146,0.4327523418819676,0.36188566591276466,0.5431714692529571,0.2851662162144389,0.33273079830357216,0.6041954652989422,0.3039451445593418,0.3063811517020303,0.5458828129562557,0.35642126889637155,0.28237327135198204,0.35793669449259885
0.08798443222298125,0.5416876809196907,0.7192976767328301,0.8400490877614325,0.28400984855240574,0.40113298341485143,0.5835504869279383,0.5753348373742463,0.52148566129836,0.8183214156556413,0.2900275417111928,0.0,0.9338637693840109,0.8171796704447424,0.9623930786581786,0.5381612960598952,0.539330069344281,0.9463459495345622,0.4499410626510123,0.08289205423802203,0.5214960665913111,0.5081735296229091,0.4478005571419246,0.33307853218838923,0.5837827845338837,0.4256838694556368,0.4785212809104547,0.22651980833279356,0.24398990231851694,0.2589938879130442,0.44308267228472753,0.15694153565098165,0.7902295255863089,0.6852041634035101,0.4459665841291031,0.37491658230682207,0.7898847724332081,0.621147789133197,0.7193150074069473,0.7897764887845558,0.1297200690269011,0.6386775192464107,0.531398263387034,0.33588101694684164,0.754168243472359,0.2348698560620067,0.5678989026334275,0.8666831061489706,0.3916580522625004,0.699014404688733,0.7829320670536263,0.9804593079878303,0.7644283996335851,0.5463801242555604,0.5654063038868685,0.48987910613182056,0.8849758879343635,0.8582712990488746,0.21914998231078647,0.7793295217943994,0.4600732924691308,0.6944481220951141,0.35345710023315724,0.6600417820553556,0.4975358776637368,0.5344534925495515,0.4094398452210969,0.3404802153403216,0.6649553581520481,0.10102292619126939,0.6421323375722918,0.30619006859709985,0.4973108816876989,0.5637852155437416,0.3121391260178377,0.6053158681044865,0.10241369079475217,0.43179799857299894,0.45940318870658814,0.170473955935853,0.20238813829481983,0.5356282777697852,0.8648527792543919,0.7362774647373168,0.49841651017689936,0.21742763908652005,0.6853972142827481,0.38786161762731275,0.5938721764705632,0.499734160099979,0.24473347639885426,0.386363578598786,0.5572381321880722,0.570285000418211,0.6167205494825218,0.8940402050506446,0.30102988956550125,0.5222061299365456,0.8024895691165581,0.5968662230851774,0.21093529322709179,0.10158519732004676
0.9718347725724085,0.8432007248038894,0.27709264500450814,0.41868677983330366,0.8652766333366723,0.8787196151973876,0.6033845503880022,0.9105273384241799,0.5708924834275897,0.26770861545014935,0.643853056772775,0.9338637693840109,0.0,0.20285997920654014,0.8264060081116731,0.7685440919189575,0.4937713025958715,0.8251040885456062,0.4986820708190889,1.0149406167839745,0.7935480480051448,1.2098195583960447,0.9259780829995894,0.9666032160364171,1.0018420374931185,0.7661392239261722,0.5947174682968263,0.792147288466266,1.1026534456218688,1.0291900728014027,0.63739056087092,0.8918314525572016,0.1776354221543425,0.3347834803040357,1.2103230286680884,1.172701659932476,0.18830663112020993,0.9847775620087426,0.2191761667366183,0.4404700506687636,0.8107226483222815,0.2961601856154652,0.8043472904479865,0.8632773079356745,0.18219155691858632,0.6991703587726782,0.6038344370476105,0.3661032306153693,0.603168267933296,0.388090571959763,0.16882470392792281,0.7140340494293638,0.16945503504778195,0.448746546533276,0.38845935377948454,1.220320144814387,0.4834972792241896,0.1933429945788356,0.9068817063462287,0.18387576273834125,0.6736707076814524,0.3718776616719371,0.7805755000097493,0.5286091488688638,1.2505402318489522,0.3998855439551897,0.7927172048412404,0.5933911964474476,0.3988151286764128,0.9368767167581871,0.4430510913489374,0.9037934276341117,1.1437140775960604,0.4427414077859937,0.6661310234089645,0.9962328394493303,0.8873104840128994,0.546680145535173,0.484014234794663,0.8853382861637883,1.0479539759198209,0.9926599350562567,0.19237789953091597,0.20978174706609284,0.5658103770743501,1.0923974144472515,0.26016963450526637,0.5541641836275718,0.6786029850984624,0.8150574284912314,1.0369143518767392,0.8350520061616644,0.933165400983416,0.3740817221233519,0.3345331728201091,0.04390875079793508,0.8325437306528781,0.5500025390020707,0.3692308823735477,0.47301162569317035,0.873188879663947,0.9947266397131356
0.8973376545264464,0.6545148732767442,0.32324965322666965,0.22796855761108542,0.7014860845376784,0.698803519352016,0.4074230237796593,0.7146278809287324,0.5693795350118591,0.07103942006587896,0.5344701226021853,0.8171796704447424,0.20285997920654014,0.0,0.6343109474436367,0.5743148227348518,0.3172692447921097,0.6315037017982627,0.4316432265158788,0.9000412458201937,0.6007644673695889,1.0321742108540568,0.9039567499262082,0.9162332892949728,0.8073063487396667,0.7448715708553908,0.5793534113717346,0.7175361349652584,0.9552919896791723,0.8720540172763027,0.46151785876505225,0.8067351937765279,0.25114268970654713,0.37357215075694317,1.0410016736584178,1.0103243287316277,0.26665126103071957,0.7874420001583677,0.14270814407449953,0.24111102106050603,0.6883407498946358,0.21226804674428087,0.6106908027546777,0.8188959582794395,0.13652474702734002,0.5863346128410748,0.4096659551460016,0.18523635272844322,0.5515666663823097,0.1884446369937075,0.08827115152515093,0.5313992694374335,0.16140350472762288,0.43161803433673057,0.35007747752369683,1.0458718499780535,0.29991004058206,0.3266047688036534,0.8352464769077026,0.247042641235951,0.6594503971158723,0.42398414473707224,0.7402422247973973,0.327604339196241,1.0779404984909453,0.3171380325024008,0.7672330038931042,0.4877006898868183,0.20459502564000437,0.8398063528845964,0.24832411424335643,0.8513846955060316,0.9626621144849977,0.2721181761188656,0.5212890508020193,0.800120418264536,0.7898450584672737,0.3958056915003798,0.35879148932553456,0.7396221335729847,0.9018310668403077,0.80153789778871,0.04839485788528862,0.11489083885514462,0.3870442990805655,0.9491335459524627,0.14929135817915407,0.4297108561105416,0.48034386068676616,0.6243157043171177,0.8825478316124885,0.6571989798174382,0.7389558393949202,0.3250381241277849,0.30785972638233805,0.19533727927208927,0.7799960000625807,0.3679048175289079,0.17122159228555864,0.2843351531992617,0.7209978565975133,0.8921967191205352
0.896844945915431,0.02020411719178805,0.9138338697819475,0.4081703982763515,0.6933058708002972,0.5938907597242727,0.4139174367467802,0.45156263345144654,1.0498112224046885,0.5637716566032736,0.8124171802397503,0.9623930786581786,0.8264060081116731,0.6343109474436367,0.0,0.4268136885746956,0.5442982647964129,0.0174225190628911,0.8521530488775717,1.0280376717018433,0.44810701410805803,0.8242561238904866,1.2815151572496666,1.2276794841176775,0.5180905544351873,1.1530828807404065,1.0360104522053826,1.0161929368795268,0.9378665477366793,0.8314736890953928,0.5458373530881995,1.0527504961327019,0.8710298166980038,0.9468026923277165,0.8853486178804276,0.902478258885521,0.8855504130003351,0.46858991409671064,0.7255773851595357,0.39612679260824407,0.858804352891718,0.7360187252072584,0.4412950672546637,1.1637367070763753,0.7443454656147714,0.8301316924163493,0.42922743883040565,0.4607639737291156,0.9531706747254847,0.4949395311354274,0.7094460586748506,0.1355524512526952,0.7752999780993116,0.9289495578623863,0.8510408333076916,0.8565120941574682,0.3446161770365793,0.9561582232744313,1.1103982219995188,0.8638769655831697,1.0987992262581507,0.9976924425357652,1.1112995466646227,0.393445673407775,0.8934018447423588,0.772020776996215,1.162667988566836,0.7988911908364995,0.5110086439305239,1.0420774203197067,0.4849109212358216,1.1708412851749466,0.7477691665014885,0.5722513809827152,0.6956247581553341,0.49346028207013953,1.0048950358910411,0.6388145394710323,0.7024137792624655,0.8006385496818517,0.9051069619879815,0.5530400349085007,0.6342867965482049,0.7055005804607918,0.5278535925059358,0.952049881077421,0.6939189958077737,0.7261166311491807,0.3748528387475495,0.4752871612090749,0.8525565572380934,0.5892185376203394,0.4846134252754443,0.8239526621851012,0.8411142873567473,0.8277973671596841,1.1149728089579707,0.5127060883643993,0.46340211039129137,0.4995210568437695,0.7609987248836917,1.0637542059045575
0.5203484197777993,0.22125209793527356,0.7160545797227524,0.4500603360001373,0.26696193416191627,0.1790275409023632,0.16718293904959228,0.14295070450105726,0.7377968235340234,0.5288158385483389,0.44055709364631557,0.5381612960598952,0.7685440919189575,0.5743148227348518,0.4268136885746956,0.0,0.29003990509341376,0.4102799732420729,0.5435005900750024,0.6015809955447944,0.030367342549678492,0.4853332234100693,0.8960860361897074,0.8238461035035214,0.2333448159498173,0.7896319259874913,0.7115586779422991,0.622446607928238,0.5227518085855903,0.4168656522664041,0.18369357319400198,0.6414766155932979,0.7207149249424394,0.7245453297777326,0.5190517474428333,0.5145731956391607,0.730725356702948,0.2194713168214128,0.5770735107311838,0.39774364445809884,0.44378825327303584,0.5381320264873793,0.03671678204823298,0.7738867325188142,0.6112194106433738,0.4407527739494518,0.16489487998600486,0.5022977232613246,0.6117903212238279,0.38684229743277654,0.6036758020598216,0.46627835306615273,0.6392106041656322,0.649783927251905,0.5941456993933354,0.5076647263800742,0.4554253818062373,0.8137193408687434,0.7029643990604635,0.7100370816081443,0.756438544222836,0.7665893813879093,0.7355174649921533,0.2572074357948568,0.5436154184359986,0.5114900865420481,0.7926585306952997,0.44604241927363764,0.3705555824467937,0.6227207223591679,0.3263811594609164,0.7722820810481389,0.4091432185790356,0.3422885688927536,0.30899757914811365,0.22840842017208773,0.589554287725137,0.31458618175014214,0.40429199842099217,0.3740235264655411,0.484672177023182,0.229001547954476,0.6057942586825614,0.5724768604410596,0.2248354696390702,0.5333155952257174,0.5326701867883211,0.3897336130416329,0.10420447037315507,0.06122716309600998,0.43650422267518296,0.16439304700274485,0.1647594577544085,0.5739886914473327,0.6107238021406409,0.7472337766034971,0.7252275278369013,0.2309534673072466,0.4519117633618943,0.2963019641508752,0.3342232601834904,0.6397455493567719
0.6249980365619358,0.49175460116496617,0.42895484928671995,0.30213388025198396,0.38512024224777447,0.38519767161968205,0.1504070717608112,0.4321565060020043,0.5065101583097572,0.294983410630657,0.29731446666270633,0.539330069344281,0.4937713025958715,0.3172692447921097,0.5442982647964129,0.29003990509341376,0.0,0.5332526399003907,0.30795088650306024,0.6207484126499935,0.3104176775261427,0.7175003382505692,0.7542907415773624,0.7229619852547664,0.5182642382479403,0.6152002299943403,0.4917169260371409,0.5076278292706011,0.6449961805711306,0.5572310217521262,0.14481733670950758,0.571900840669937,0.43087072905619744,0.4430986572436506,0.7238345653936109,0.6935159096565401,0.4407200264730745,0.5092564545248157,0.28984280699603604,0.25435480099994423,0.4109243387022953,0.24840546207984757,0.32293690896970834,0.6437130329529455,0.3254312556144223,0.3339481880352531,0.14126480619742166,0.32760326595047246,0.41141968933834433,0.16126593347001256,0.3251617836601564,0.5056429952573517,0.3519412517695764,0.39250117825297554,0.3226887286811383,0.729809222130862,0.3544993803329768,0.523774044893462,0.6175217340814089,0.4201184891322113,0.5555720252662989,0.48874118460719806,0.5811333669297152,0.1548434953856314,0.7613564578553436,0.23912419695493103,0.6277433923963269,0.26923700056626065,0.1285479950062028,0.5858681405719072,0.10306614463029994,0.6607209830235004,0.6501815107653321,0.0528333496402975,0.22742545399358413,0.516638726749567,0.5388401733439442,0.11411390742652396,0.15824467732358474,0.4337852249395099,0.5929096915205383,0.5034868219749629,0.3587756556741448,0.28864386431378897,0.07206062870189836,0.6416355191468306,0.24502595169884106,0.19344779600517922,0.2255455260655915,0.32755475656776234,0.5689219643399437,0.34210906900079274,0.4499586984167461,0.29861681966898185,0.3290276334495491,0.46731018526333823,0.5966560059999689,0.05926741624421198,0.26349413450194026,0.05952001779945426,0.41046344218320324,0.6281919894958546
0.8796921175767419,0.023257746259024326,0.907368604384191,0.4064742780431151,0.6766048493475618,0.5767793033307775,0.4009070095458299,0.4341406651424995,1.0392605813014386,0.5612365534463727,0.7989243492238489,0.9463459495345622,0.8251040885456062,0.6315037017982627,0.0174225190628911,0.4102799732420729,0.5332526399003907,0.0,0.8411997113941487,1.0116623987486084,0.43131577845520164,0.8070602070428986,1.2680184754740313,1.213163396730762,0.5008609977852896,1.1405144814530503,1.0249236189231796,1.002058455093278,0.9206183301553306,0.8142404850157814,0.5316016928234174,1.0377026363973365,0.8662369663407667,0.9395087969453678,0.8679887730503199,0.8850558369294129,0.8806482086928367,0.4514351594570551,0.7199994079327803,0.39217749342932834,0.8434086133214193,0.7286263486038873,0.42437728818419074,1.1499280291786285,0.7395000919338278,0.8159536143265332,0.4160757232792988,0.4601257689908188,0.9412193080024142,0.4883819368266507,0.70543146595172,0.14414419073234352,0.7705408780938595,0.9193814712538356,0.8420382554680178,0.8392553050273125,0.34489584953855457,0.9520528364989438,1.0956104655871055,0.858910112495245,1.0870791800593207,0.9902248986433417,1.0981192315945245,0.3835318655304854,0.8761565799929705,0.7625159540334594,1.1498110154425785,0.7860979797414411,0.5034659732439881,1.026483219322595,0.4762642866002556,1.156585347448642,0.7305179830509619,0.5623246566385666,0.6812650332357408,0.47628703437248304,0.9895670167769266,0.626339936401201,0.6911905393759767,0.7842063180824395,0.8879977721512752,0.5356773168901009,0.6328008108133647,0.7003771218022772,0.515129716365106,0.9348804365671047,0.6876130629868852,0.7136691285865329,0.36002640357536875,0.4583457033043755,0.8353456975752951,0.5724151710680063,0.4671972996353571,0.815092698536346,0.8330736066099879,0.8255745024670084,1.1011283440172068,0.5004288343757161,0.46035254355589483,0.4895467521619996,0.7444986341039639,1.0477506514797823
0.47960772732978874,0.7632235800178019,0.2698368950748404,0.5538527473491085,0.4797146507573103,0.5499393597429708,0.4496147147747932,0.6679275309331895,0.19978398946016335,0.4618378359488999,0.1746953608667959,0.4499410626510123,0.4986820708190889,0.4316432265158788,0.8521530488775717,0.5435005900750024,0.30795088650306024,0.8411997113941487,0.0,0.527146943128923,0.5518936907097683,0.8352929062184514,0.4785917782621449,0.4848150433299987,0.7345457296237449,0.32474063969387545,0.18402757743461695,0.2944424348727887,0.6544444379053891,0.6067386669557101,0.3598383126060792,0.39315122476863207,0.3424416242054928,0.241111983780525,0.8082379474531746,0.7537056945072385,0.34098285199827016,0.7429643532499441,0.30203609202318993,0.521157227769618,0.3404564158975978,0.2216209788564275,0.5661679780299503,0.3874431136876162,0.33043759205926093,0.22656321758468997,0.43682947488205615,0.5522718849593572,0.12142178037951186,0.402203232103134,0.3704971276281736,0.8061295899371262,0.33224688670720537,0.11656654819175491,0.11576534046447516,0.833833346313335,0.6226745746421358,0.40841074170763403,0.41084220027378415,0.33192501516373035,0.25250352106655843,0.2621150081165248,0.3101143604777408,0.46021068245828306,0.856190034975219,0.11475175843642055,0.3433159259235163,0.1302721323743703,0.3718460866924829,0.4400884796540204,0.3801348122917765,0.4200431782663124,0.7874968364965537,0.2840238535703184,0.2708468267523559,0.7420965360765556,0.39120735281054214,0.2309007667294673,0.15067177218937,0.44980996920460714,0.6003699741153299,0.703520870206487,0.47903368269198154,0.3258580561407531,0.3380245837805021,0.6373021291486344,0.28265137620060277,0.15576592596348926,0.5146764490473263,0.5550288036192533,0.6073142956920957,0.5057122733312892,0.6736575956649652,0.12481403014206878,0.16850466289642374,0.45635298848868927,0.3484877775221713,0.3466300415382762,0.49528855405498895,0.35508892657778196,0.45417144643606316,0.4994976143515863
0.00559382987707524,0.5325837641319573,0.7952992391592361,0.9206640045658803,0.3385906404169961,0.4515612985719438,0.6588635217408418,0.624253491598903,0.5826915906885209,0.9010850260324893,0.37150384180415774,0.08289205423802203,1.0149406167839745,0.9000412458201937,1.0280376717018433,0.6015809955447944,0.6207484126499935,1.0116623987486084,0.527146943128923,0.0,0.5825163333995841,0.5033331850555712,0.4587781944541379,0.33179827212413376,0.621618742885252,0.46484840654878923,0.539607034262157,0.2792840965323815,0.2205356668517637,0.2693900880895268,0.5197380350643345,0.18705169416626038,0.8688050755724511,0.7589950201903967,0.4310004209660399,0.3571486284689635,0.8679510044610957,0.6628006662713429,0.8012086669050892,0.8699296010290682,0.21245620037926463,0.7202807170886383,0.591317460718411,0.35956785487664905,0.8358137964063878,0.3167128249810459,0.6434410056087592,0.9482966239230761,0.45999373871342003,0.7808862588476991,0.8651892925973776,1.0522488678399444,0.8454871584436567,0.619062265165027,0.6428955338968889,0.47982535339502086,0.9640891195459512,0.9346385062981497,0.2360251620918718,0.858032227873488,0.5117284896345289,0.7653832760839351,0.3938397724111595,0.7380535562123527,0.48129240669780454,0.6151761309598998,0.44467823559557407,0.42170283761966393,0.7469374707000433,0.11764331504525682,0.7233275618956676,0.32078328169911124,0.5053287715771676,0.6461761488504442,0.3933334572089886,0.6448623740311573,0.1497340500825394,0.5141592680086389,0.5421108420497038,0.22759603470054682,0.1952854644849734,0.5725268498324514,0.9477318111658128,0.8185045521685869,0.5777511373545303,0.19021365982423835,0.7677373368685025,0.4706262514471103,0.6642739599483384,0.5584943123315596,0.2504352485398511,0.44344648836475103,0.6029318066245881,0.6490355823316751,0.6949361565515437,0.9747745571629551,0.333687996785102,0.6016844798357979,0.884131843387337,0.6778451140978924,0.2677739311353704,0.06998145441586819
0.49160306420708866,0.21146026324289202,0.7333193441828733,0.48011558798219445,0.24546263025558482,0.15127534034620277,0.19466381276216022,0.12228410051190983,0.7438286280190916,0.5565940194075029,0.44050563510987156,0.5214960665913111,0.7935480480051448,0.6007644673695889,0.44810701410805803,0.030367342549678492,0.3104176775261427,0.43131577845520164,0.5518936907097683,0.5825163333995841,0.0,0.45504153000620806,0.8901104853556878,0.8140260009639066,0.20882791874608184,0.7880445699824932,0.7162073818189479,0.6159533655371324,0.49635991664589263,0.3901543638014594,0.19396662415702526,0.6301786685774431,0.7412200139334927,0.7397858195717257,0.4888325301251786,0.48512359833424407,0.7508605332919188,0.19973517490088255,0.5991473648545781,0.42764889701002856,0.4322298422611868,0.5574031984309243,0.014290495029469384,0.7674805868454704,0.6338022215031587,0.4368758519914513,0.19112861212415444,0.5320514759718695,0.614930993164324,0.4139382201679425,0.6277993190996702,0.4927613092110542,0.6613303238767604,0.6603585713200227,0.6076138283419316,0.477298238172575,0.485787762439503,0.8340097327494518,0.6925825448782761,0.7304109924133022,0.7582978703304605,0.7807287240951803,0.7320704607397773,0.28626071991267815,0.5132497944238157,0.5257468846288009,0.7899460808330367,0.4494140845297419,0.39651452846304575,0.6084961166557484,0.3525005405587506,0.7639357022063743,0.37896827394406346,0.36308097274807005,0.30809366149089357,0.20622137062790608,0.5770705538711837,0.3255957066119118,0.4164112524359697,0.35504092883166494,0.45959972070513166,0.20110304731137751,0.6330954450338373,0.5955065347874609,0.24274494405487076,0.5078010774464196,0.5545391664611021,0.39686162521964996,0.13440118775935556,0.03128246887855876,0.4101540520578267,0.1411131588284328,0.1401437234904086,0.5883756236387713,0.6264260649051924,0.7713536918674866,0.719065350454594,0.251151296909229,0.4810823381935418,0.3206404252107362,0.31474304901264455,0.6230018479966553
0.07270003889990617,0.033744058526268716,1.0826281285705666,0.9346486488077576,0.35837028435244,0.333409877455369,0.6422097300494369,0.3840289222404768,0.9776566112577115,0.9978821790718059,0.6658845372845988,0.5081735296229091,1.2098195583960447,1.0321742108540568,0.8242561238904866,0.4853332234100693,0.7175003382505692,0.8070602070428986,0.8352929062184514,0.5033331850555712,0.45504153000620806,0.0,0.9548167740149076,0.8333547494884345,0.30628887923517206,0.9255546069593205,0.9379510308356025,0.7212216148799716,0.28629238387181144,0.2522402644257779,0.5728806824205367,0.6651131016825357,1.1198174658897204,1.069406049977491,0.08897683746693026,0.15584592047739124,1.1257113999555095,0.3557512919160358,0.9973025438937878,0.8816858051871989,0.5321505116347072,0.9354767616018438,0.45059661385281485,0.8439433015067617,1.034564171418617,0.6242545944764342,0.6347275914513335,0.9852484945282739,0.834864295083836,0.8534844947462991,1.0410268895208954,0.9097682077064869,1.0571933784135257,0.9511409990973196,0.9314620031979544,0.03765293012243753,0.9398689975033856,1.2069377550825233,0.7262609590601283,1.1083041293637088,0.9423693788366483,1.0966904714261347,0.8541051337308471,0.7375598791030435,0.07092154580080527,0.8652162809809921,0.9126608902865684,0.7052818787082461,0.8299625469688036,0.6045043641662905,0.7883967357919834,0.8134973977747271,0.07824884894100838,0.767387425959497,0.5725844235212908,0.3308226873406573,0.6094629031319341,0.6722687356524688,0.7535362690144098,0.3986458128056643,0.30969028969743495,0.27630328774661556,1.070098766037543,1.0013441242445482,0.6460728283166234,0.31690404123464494,0.9532488730306854,0.6981870906445603,0.5894210832350788,0.4253294533069162,0.26382120409338927,0.3754183764043386,0.3498979121857411,0.922427037506213,0.968847102618409,1.18059729274034,0.8073187622656472,0.6643464084661269,0.9314576801628243,0.7485136875126945,0.3840074516115791,0.5726345154976608
