X,Y,0,1,2,3,4,5,6,7,8,9,10,11,12,13,14,15,16,17,18,19,20,21,22,23,24,25,26,27,28,29,30,31,32,33,34,35,36,37,38,39,40,41,42,43,44,45,46,47,48,49,50,51,52,53,54,55,56,57,58,59,60,61,62,63,64,65,66,67,68,69,70,71,72,73,74,75,76,77,78,79,80,81,82,83,84,85,86,87,88,89,90,91,92,93,94,95,96,97,98,99
0.8588009520912356,0.8269076931012745,0.0,0.39734089758095226,0.229040612774261,0.9301743241093245,0.436557161918024,0.5661767836356201,0.12145031650395897,0.4190796374154142,0.6006919012079989,0.18812507194858724,0.7286321511921794,0.5727918962329525,0.11178091596309687,0.3180481356989246,0.19885451180307806,1.0452533212403852,0.47396250027025266,0.33625544192223056,0.5254034294495815,0.844462538342024,0.9461876359999798,0.6362460509523512,0.44714860063717976,0.7666161837573785,0.9792278611830102,0.7252950305906609,0.5630421899546797,0.4078423114764584,0.5647706242933951,0.8695057464721543,0.27900569570186456,0.7043445941495701,0.8319599628168987,0.2264455806430093,0.7942469244776718,0.817975475419759,0.72259450776028,0.794197551311092,0.8241905835365734,0.42952150801639727,0.5058493258050931,0.4773599501492851,0.47915722328201277,0.15835695479738005,0.8329683013777595,1.044949308268389,0.6588942193942332,0.1119421183657058,0.35016873947351645,0.9214347140328997,0.6045523877513107,0.7739541349820747,0.8281346474133126,0.72136900145585,0.7047366039446525,0.9198671979897071,0.13977655449273324,0.6772735793356748,0.7550206950028627,0.5975215619823105,0.7748825553674957,0.7406876322797766,1.054785978122772,0.12331858858697278,1.0877453848722662,0.7255517863056726,0.6891564161336,0.7917535869268124,0.6469732493753306,0.2656016898714726,0.9281807856289577,0.7357277931013798,0.373823302536821,0.8208420408848389,0.3331516906157012,0.04208974114426732,0.5225701479598266,0.7592593522342997,0.6438321298956243,0.32319578307632724,0.036331387000171786,0.8692477818633884,1.0440322609625117,0.5745556685603632,0.6385891497042163,0.5957304675926547,0.5903389853676535,0.3661904506754004,0.609739056350314,0.8073388184855171,1.0252474125967497,0.4435925860574187,0.7623301888191213,0.17272066379732354,0.9580823791606142,0.27951903037619014,0.9775752173668656,0.4798497227800433,0.6935532727761327,0.28408228587015116
0.9877117484384835,0.45105959150229724,0.39734089758095226,0.0,0.5845795957403452,0.7972803092607826,0.05867456599220886,0.627045390490487,0.280396791569088,0.6315351537894259,0.8357657945426137,0.21106902691420681,0.4786594698293783,0.23090828394001034,0.49214935470647697,0.41845022039960095,0.3683311397738114,0.9114734768669016,0.5653035969973736,0.43427989959429575,0.4746726952510042,0.9259875064141656,0.9121104986995506,0.8323146034438111,0.351803083035092,0.8811529399783766,0.9884706883684616,0.34382511040863034,0.8599955848722171,0.7363600345561485,0.43527012709735236,0.8733328994784707,0.19926735614578578,0.4753031692641162,0.9459758878296214,0.40464429915133987,1.0189969275712718,0.4701704529976994,0.9572683936877148,0.675283621383123,0.6001414237657173,0.3576484723201078,0.420779901808681,0.7676133651873225,0.16290587643363574,0.2401553749454137,1.082841170694917,0.9742180857353974,0.7483938092574446,0.45413607810032436,0.3582273190099871,0.902501074122472,0.30969003855737554,0.7187532096294744,0.4482071255560196,0.43723540837452596,0.7740518607029996,0.7136476988004858,0.5115621321304991,0.6322386323587289,0.5044611248778985,0.8709793968220215,0.4548698123011193,0.7750594900555283,1.0126367821680207,0.28773946632642405,0.9521135238557987,0.8914474902097199,0.32236906590282166,0.404694595661871,0.8155364676810187,0.424063287140275,0.748076503342432,0.4635066370589728,0.7147255937430701,1.0173789186686804,0.07292825147329893,0.43325356647937635,0.20856376682968136,0.386758787282556,0.9089473368092914,0.19479817842990782,0.4016378397551575,0.7261798615652917,0.904616142696636,0.8330570082576428,0.4345937985199993,0.26840410962028244,0.4465582581590907,0.5283821563623302,0.29291684041855576,0.598460552440981,0.9043822072186484,0.41918143672669994,0.405161088390423,0.42996485105456694,0.778332549056651,0.15075908435374522,0.8826244341337759,0.4045823153766298,0.6994489258792165,0.4854519272846779
0.6552335024183592,0.9318833842573221,0.229040612774261,0.5845795957403452,0.0,0.9098331695630562,0.6100241539862237,0.48193850551974604,0.3391838653901411,0.265775529538687,0.40259110228882083,0.3790209466575118,0.7963585135071714,0.7100431662788994,0.236443819996026,0.30568302093043703,0.24428800378092824,1.016706522098518,0.39390909648399847,0.31367175310405326,0.5206196613722432,0.7096301089435582,0.8678208124909147,0.45634112205466176,0.4930974061671323,0.6201768074726643,0.8741315197954592,0.8774399679684958,0.33974946385427346,0.18003107707764446,0.5945570148417213,0.7761901748547166,0.4129592770141636,0.7634352004972615,0.6803228797588783,0.23060597668212673,0.5900525371547474,0.9379580990004983,0.5172006868369408,0.7795272200641727,0.8667170749303508,0.4693191672860858,0.5265329816089654,0.2606713521014785,0.6195546945466058,0.36661256283978155,0.6179246729225114,0.9801731241762195,0.5398224478272697,0.2873351839512257,0.3813973865010319,0.8365053912440985,0.7129785177881688,0.7249861815002606,0.9744017994137112,0.8092788055216037,0.5914830974213873,0.9433053516947622,0.2564953198142225,0.6363176675549937,0.8200666219429175,0.38147130162796966,0.8792153189425377,0.6435232436648601,0.9732577406650884,0.3470366222874411,1.057544446882032,0.5542670937668976,0.8311334480112944,0.9472621472393129,0.4817982531398481,0.24757182010588483,0.9355369835159046,0.815265676571747,0.1447934231400196,0.6279900666719648,0.5129153767903124,0.2232023767015687,0.6535762607861906,0.9016508720948453,0.4291366448904464,0.4477065896606676,0.2035047358195579,0.8603783024722212,1.018853903353201,0.36648802366667604,0.6938700532725682,0.7223598236192625,0.6222379997229267,0.27551233286670396,0.7289804126850651,0.8428083969625486,0.9905714429742725,0.45004552782810037,0.8925153464903332,0.16951293252945562,0.9628204816619748,0.441117763440951,0.9314605377871132,0.5031327188929096,0.6198082284685994,0.21054993772004524
0.26766794276443284,0.10872523820803726,0.9301743241093245,0.7972803092607826,0.9098331695630562,0.0,0.7483831188373117,0.44768139737648555,0.8989954401994823,0.6855336916641663,0.7517072245065373,0.8293041042674715,0.3607156212981009,0.616793679142698,1.0344269723829616,0.6229728396713182,0.7341629559602139,0.11712227648234673,0.5217990556754584,0.6086369801427824,0.4052620509875848,0.4733872446161013,0.23736316637942548,0.674923559858732,0.4949087961884364,0.5270403722815525,0.35566068561160574,0.6907428728951248,0.8875971599323262,0.9060586152419131,0.3798347873020177,0.3025531275087705,0.7042455738270493,0.34219293214456936,0.54528553231882,0.7166749224352738,0.8041448123718151,0.5670155615549235,0.7962427586569918,0.13600771282118176,0.2537529702165019,0.5071026873678988,0.427675208616484,0.8393346631205225,0.6403638734313367,0.8719202252120404,0.8935355181402307,0.2121192772727632,0.46715282782138456,1.041177234549489,0.5802082648282434,0.26385922947790275,0.5186521498374312,0.2016191054020566,0.6935211729769366,0.43042949501695305,0.4276344266280507,0.1773434531755205,1.0641559098733093,0.2752602869279644,0.3457440202193111,0.841896339641922,0.4925416952559821,0.36008937147914877,0.28110294092930527,0.9195538915264669,0.15956252405595228,0.6315323340860618,0.6386096479500143,0.7266924895648951,0.618794937179361,0.6831160202643247,0.11264818624698685,0.3991233436756789,0.9242117126521637,0.7436016384299238,0.7763158112690068,0.9683618897759494,0.6041227642923666,0.6540714302074756,0.83990496470942,0.6672462847394005,0.9009611691701916,0.07141955982506325,0.11409842540907095,0.7973188207301866,0.3646552692904107,0.5785526685401043,0.3602672696581622,0.6356306193422443,0.5521709376548202,0.23299630619903633,0.10733698019120838,0.4867397323589147,0.5999575372230056,0.7861187528657634,0.11075625911901199,0.7469394562158812,0.11209328070508819,0.4532980027332131,0.3241481495687686,0.7016448864226136
0.9564441733826775,0.40141038763653913,0.436557161918024,0.05867456599220886,0.6100241539862237,0.7483831188373117,0.0,0.605966261614783,0.32423172350183516,0.6324919360025009,0.8348801646192503,0.24843331008405412,0.4227750046840268,0.17223963330100445,0.5362627894571126,0.41546952195979586,0.38199935847044747,0.8614992377339353,0.5511271311809313,0.42946806361844964,0.4439614173153955,0.9009765909771199,0.8726535597607649,0.825424268614853,0.3225503626507123,0.861415731661914,0.9533179772075882,0.29293170990049266,0.8691064209645172,0.7533636026928742,0.394836919748104,0.838976342742039,0.205747750115203,0.42129004181122265,0.9251418339408002,0.4149824979367745,1.0136760842498138,0.4129772058804537,0.9543554983912429,0.6294593962159469,0.5450377713142869,0.3319801878931123,0.38790153509017083,0.7771598829209119,0.10884023710299956,0.28307736939078176,1.0809285782113687,0.9300233726857157,0.7278372466566453,0.5016210790822687,0.3466144025136979,0.8649562760226174,0.2525601961483825,0.6796675507696431,0.39724489867261786,0.379455459158743,0.7501014229306346,0.6589977764482244,0.557249435361651,0.5964035936668269,0.4482578365466137,0.8758040694176376,0.39622922190988485,0.7463537563214834,0.971218969777058,0.33392951356733325,0.9016879239304316,0.8789438067192853,0.2669694364619394,0.3567703359947364,0.8048532836978508,0.4294338362324743,0.6952705756369564,0.4062090525586892,0.734511923500688,1.0076459126642259,0.10347106980090387,0.47445174535930057,0.15204197024755542,0.333176202825023,0.9117705125186969,0.188383880429463,0.43692162471575724,0.6770554442531325,0.8541764080202491,0.836016845939008,0.3841548338389036,0.20983237476147856,0.40358783193561526,0.5265731179919331,0.23457714267903443,0.5446213679946262,0.855681922638065,0.3961233088038713,0.3487310761494697,0.4489219765091152,0.7253160376019064,0.16891225791956047,0.8367295234351808,0.37436207064247456,0.6686364858832412,0.492078770941582
0.3677545064559231,0.5450752276951369,0.5661767836356201,0.627045390490487,0.48193850551974604,0.44768139737648555,0.605966261614783,0.0,0.5835251236651863,0.23858797983641888,0.3335225174133212,0.5426525915806458,0.4844806941388093,0.5778712640212281,0.6523442600889771,0.255927694530663,0.3740496582988615,0.5448629587548354,0.0929610489299341,0.2360590463413673,0.18509234509985079,0.30215712741245976,0.3881344293048713,0.27726876340195783,0.28850198401616783,0.2555840876958653,0.4131200010014066,0.7344968410307364,0.4520120610251316,0.45849046549331945,0.2821558503897904,0.3040580113893732,0.44777273750797575,0.44331129200083863,0.3192790299053076,0.3405159044566446,0.45576244514684994,0.7047592462679128,0.417490099157978,0.33326498883052924,0.49304480644400644,0.27497899395324593,0.24073499943068746,0.3942426061388183,0.5319406817439591,0.5730789568835396,0.5393810983367591,0.4983172999118319,0.12187985511759711,0.67578188566872,0.27591218757231717,0.359391525605589,0.513627053326725,0.2501168893423062,0.7971139091843292,0.5352460463456579,0.15014387415211047,0.5293651475880402,0.6812351431621119,0.17752261221410534,0.4971152436440389,0.4161677401270047,0.623401883954405,0.17462933271251116,0.4954237571118207,0.6038868988550735,0.5839118870637563,0.29154782447267374,0.6736760290356086,0.7987348397526481,0.23346094795668143,0.301009445488374,0.5009756879115299,0.5223810646651917,0.47795242454214076,0.42674002498005636,0.570253855364397,0.5961362292879446,0.5291120578525481,0.7288191778254317,0.42664217836763235,0.4354272967070429,0.531187571774146,0.41294886616836224,0.549069849149127,0.3690189288283953,0.38862525180481117,0.5609163502018996,0.2997178328633851,0.21082356602466937,0.5482495122618308,0.4612397105184782,0.5158559213994807,0.2099554397244894,0.6921672000142114,0.3970192460755348,0.5230116544167228,0.5042539769593972,0.4526695178263602,0.2427041339278946,0.13790900808974693,0.29093409604385456
0.9231927337021996,0.7239325609582288,0.12145031650395897,0.280396791569088,0.3391838653901411,0.8989954401994823,0.32423172350183516,0.5835251236651863,0.0,0.48210921796909467,0.6780222780343659,0.08318089011657853,0.6581581655172645,0.47309819713934664,0.2121690591815387,0.32774396020315205,0.21441774296300858,1.0158640363867653,0.49633655221081635,0.34769991832738917,0.5037085313022683,0.8776508781174186,0.9454638283349898,0.7014957839213687,0.40436815574895474,0.8085451515831185,0.9924873306750134,0.6164541077595007,0.6599538877053536,0.5124351505631859,0.5215507586923721,0.8788835747889332,0.20349027384542343,0.6390359955009246,0.8751616568711486,0.2540798780538215,0.8717938189976263,0.7209287879152977,0.8021699515877009,0.7639336426390425,0.7636049791760182,0.3921352831429151,0.4718562887407109,0.57040368462829,0.381158605703483,0.04131053902048347,0.918790499268892,1.0347549681968502,0.6896071937583732,0.17975738615826192,0.3289205590698499,0.9248811450076185,0.5178319224418334,0.7624989105875664,0.7203822405675921,0.6411183612847853,0.7304024588991025,0.8665197389452537,0.23317628423554498,0.6655682572310957,0.6850975014185919,0.6874155094183316,0.6855630854977111,0.7562738703146344,1.0534971315555421,0.020960279937090782,1.0584345044894905,0.7830730390988493,0.584860649977248,0.6810008289535779,0.7033966290935108,0.291620812217379,0.8827813914142266,0.6591780812292574,0.4819622037010494,0.8899342982276806,0.22139868751988323,0.1536707443556604,0.4275716528722489,0.6537699877485929,0.7318295159471933,0.2470818586466258,0.13671928525108235,0.8336812083900893,1.012913799107632,0.6590853535039566,0.5778329964062487,0.500392915442759,0.5444392383807073,0.40639838024936864,0.5175301890391172,0.7507767630073295,0.9994549761963637,0.42340418979192657,0.6617968615548749,0.2307249418217567,0.913345613731061,0.18351634685356658,0.9588230114789463,0.44667568529506313,0.6985125687823838,0.33197467201347625
0.44342072215459827,0.7713468519087466,0.4190796374154142,0.6315351537894259,0.265775529538687,0.6855336916641663,0.6324919360025009,0.23858797983641888,0.48210921796909467,0.0,0.20475045602309852,0.47542220004927266,0.6614218252718712,0.6685372490060874,0.4767611015733525,0.2181433681792992,0.2784069574919757,0.7833480590400494,0.17097995031857507,0.2069378839831547,0.34754108016391067,0.44457356650681046,0.6110891727770503,0.21956664295756317,0.38403036730767776,0.35733887244719165,0.6096617330711634,0.8394046807355395,0.2545371544351911,0.2209705143670542,0.4444325233079179,0.5154109825847701,0.43227122307983074,0.6223520225401681,0.4199002727047074,0.2371043176635871,0.39403619455735495,0.8524078727964971,0.32805954888181876,0.5661012624600434,0.6995785346590753,0.3603465761642624,0.38007825261978057,0.17402841505955394,0.5953336046476473,0.4887775402742522,0.45196735118853015,0.7274791064565637,0.27541629572881166,0.5147391327563634,0.29795483266758266,0.5777439293812535,0.634623822685106,0.4886724087233336,0.9211338487397187,0.6958009465591807,0.3276764327901546,0.7533855552516138,0.502554063591274,0.41199492901560036,0.6800443694101802,0.24649275528858502,0.7788937922536417,0.38378356095657296,0.7140417891058007,0.4989098840065917,0.8221374446413882,0.3064837099281258,0.78293820437402,0.9089336166787931,0.2282406018394638,0.20928137280050496,0.731958822729015,0.6916814886471101,0.23940912063469577,0.4078388218654563,0.5613589078279834,0.4363783029485789,0.6118232103689456,0.8481474341214006,0.2795976475780267,0.4441522621351786,0.38305447933790415,0.6470967926795033,0.7876520124249176,0.20420099063877872,0.5566191308675985,0.665541241115928,0.46982466735187983,0.1081518645295413,0.6619931464256282,0.6704084830183471,0.7539791141984621,0.3087222557240135,0.8234375152681628,0.2532270026649867,0.7558484413093733,0.48342453427160903,0.6894499437949765,0.3653718976612063,0.37284614089809687,0.1532116575380746
0.25904252933789984,0.8603829752257194,0.6006919012079989,0.8357657945426137,0.40259110228882083,0.7517072245065373,0.8348801646192503,0.3335225174133212,0.6780222780343659,0.20475045602309852,0.0,0.6779084599468294,0.8126265704540571,0.8585923246234675,0.6368671329112704,0.41941071151058495,0.4814853749357201,0.8297187661092141,0.3182095482191457,0.405928855408991,0.4991538357464335,0.37687999825567053,0.6128879052986881,0.08558716417748595,0.5653417597953666,0.2808614124873501,0.5719858233885472,1.0268719914811646,0.1480597337502393,0.25917168334820084,0.6005409890793469,0.5086659670676682,0.6365287376614357,0.7717692701227649,0.3220140633242154,0.4405864194287742,0.1940708848788823,1.0223646887782991,0.124448210895713,0.6556031340354551,0.8265290389999363,0.5436374839970166,0.5444990965863846,0.15644256705681203,0.7912231306702374,0.6883821933635085,0.24724014919417237,0.7348154645731938,0.2850007670879639,0.6833676143124298,0.4937798961615456,0.574451471043483,0.8139974423729196,0.5511414783083163,1.1022838159499437,0.8574392790277052,0.32946938027304634,0.8573545583014497,0.6585675428598278,0.5031393638525384,0.8272321182682679,0.09148115647486453,0.9441324189195694,0.398473375205611,0.7002185010298718,0.6933946400045424,0.8631198931587273,0.17851267721926806,0.9684362986128376,1.0951499463853764,0.14031688980031087,0.41399768883897653,0.8224401592845682,0.8480923785305596,0.299115421426588,0.22542705506923558,0.7659316326458354,0.6100218329872678,0.8032817517876776,1.030582830905789,0.09314465479053895,0.6465694462311714,0.5662351837358265,0.7308525544430358,0.837470396381245,0.054734600386134126,0.7121307727036607,0.8512428838116568,0.6223263205093066,0.3083234219116975,0.844488582468636,0.794608514999708,0.7960571975346593,0.48388778473867,1.0008253567798975,0.44732537425263486,0.841142243721649,0.6881055028098572,0.7245829596385307,0.5358765480488188,0.42919405341080924,0.3564595215281567
0.9013762472325039,0.643663629243001,0.18812507194858724,0.21106902691420681,0.3790209466575118,0.8293041042674715,0.24843331008405412,0.5426525915806458,0.08318089011657853,0.47542220004927266,0.6779084599468294,0.0,0.5768876910815774,0.39099642857751093,0.2902455381580833,0.29241493864514834,0.1970459266560975,0.9464108734842214,0.460931309162633,0.3120950457444808,0.4424103800475277,0.8424636119877591,0.8898255285944038,0.6912842840718113,0.33494645342026186,0.7799068991311047,0.9442109556705676,0.5382088847152534,0.6779865379909408,0.5411402030354298,0.449845555661401,0.8292585332112022,0.1261397908752656,0.558989010176493,0.8466563594670097,0.23847748781123457,0.8693796524376691,0.6385418695444272,0.8022398034168846,0.6954060042233016,0.6843634886264891,0.325661184769191,0.40509841244882183,0.5862144356702004,0.2985461680937588,0.04509929555653793,0.9232493703271843,0.97381869007832,0.6551861531577665,0.2621588086654408,0.2740300587875059,0.8716114416227112,0.4346966309367091,0.7027797273420378,0.6415870125223202,0.5583574671705372,0.6921442793698125,0.7890197824625219,0.3132340130287782,0.6067767323712762,0.6038738701432259,0.698233966414525,0.6024041017113689,0.7115051370489649,0.9969307338771164,0.09954650073427468,0.988860056832686,0.7658241763646703,0.5043425724362107,0.6040674082001413,0.6864932170570254,0.2704326225202821,0.8077858714142745,0.5768532861305435,0.5153351910920788,0.8803733007870548,0.14503703364949927,0.22639846605481087,0.34462556951741996,0.5738180885292586,0.7402696994949477,0.16771820501664195,0.19056890668766077,0.7625419464850361,0.9427711488689693,0.665475384528008,0.49930736954770377,0.4175647401323414,0.47136951869932947,0.3865636356706905,0.4344377072683879,0.6726990538721643,0.9315673452382928,0.36500106222536405,0.5801316484153621,0.2392930552115075,0.8384718050932944,0.10035825821649859,0.894232291934205,0.38085899991151906,0.6483149792561622,0.32221653859089816
0.6273499243674847,0.13601317617661224,0.7286321511921794,0.4786594698293783,0.7963585135071714,0.3607156212981009,0.4227750046840268,0.4844806941388093,0.6581581655172645,0.6614218252718712,0.8126265704540571,0.5768876910815774,0.0,0.2672571371330055,0.8403832856461257,0.49398857477922337,0.5642189316620017,0.46172277212932983,0.4998026237482602,0.4905288708534787,0.3161486813327114,0.6900195567697561,0.5502576500804248,0.7617107583671948,0.30327031381604835,0.6964490965015578,0.657856301697677,0.3322033582872569,0.9115816274291219,0.8643962628533793,0.21699482433254424,0.5612246766533106,0.4559004680103811,0.041187523311414884,0.7434879357676673,0.5673543790218933,0.9374015609581724,0.23542391238669902,0.9019509176827659,0.2816428516983932,0.12365937373846393,0.32722843959780407,0.28264798425349635,0.8354498784306152,0.31587646522166574,0.6219648037011907,1.0228099131039672,0.5673875382060496,0.5794534800550093,0.8284872844531472,0.41496867176281876,0.5585637258568972,0.1719697509505142,0.3857154486261419,0.3515682618391479,0.07154883515166506,0.5705194559057909,0.2382183567867283,0.8682263834036983,0.3530085472465899,0.027016129088706042,0.887831637230986,0.1515406365555016,0.5290073632873425,0.6268189249201798,0.6761236267194076,0.49822886363840224,0.76612086620795,0.2782133665468575,0.37519433403664665,0.7167904859971235,0.5492395637249634,0.28271078015373813,0.04384519033617209,0.8662285864064864,0.8998067230482636,0.47976133431261936,0.7706008738231344,0.27074655464483494,0.3005534013745653,0.90524593588635,0.4115315703526364,0.7093602360606333,0.29269130656726977,0.4517226649588408,0.8405362710621859,0.10539600871159417,0.22682960581173087,0.19218654897787138,0.5676214488455533,0.19950363598039536,0.13088017240446614,0.4644028085234932,0.3584681180995037,0.24910392266788378,0.6352744852404352,0.3109350554288615,0.4788955611550109,0.4666129479016027,0.30108940075231416,0.45003959114559505,0.5963525699537373
0.8670665431154333,0.2541754376841713,0.5727918962329525,0.23090828394001034,0.7100431662788994,0.616793679142698,0.17223963330100445,0.5778712640212281,0.47309819713934664,0.6685372490060874,0.8585923246234675,0.39099642857751093,0.2672571371330055,0.0,0.6800166176550659,0.45545910385072824,0.4667507347998691,0.7242389033317256,0.5478336894720656,0.46308436540469616,0.395320586201767,0.8497590676730812,0.7735241526333404,0.8320032417842448,0.29590377972908616,0.8279517110098406,0.8675475876892839,0.17195752611821288,0.9198857810165307,0.8280763658186222,0.31440869077991973,0.7582289127813158,0.3015540877966453,0.2758716303048485,0.8866736289496288,0.4890102734389843,1.020438894538117,0.24801518120253344,0.9693430204937323,0.5126486606197402,0.39081200164115704,0.3158728376407457,0.33777419995146923,0.8314724192056397,0.09373521543510487,0.4322327375150836,1.0964273147207377,0.8131719465892494,0.6959604685031876,0.6528316438376323,0.3712650631859899,0.7726539572472099,0.09818010250057019,0.5867215442623899,0.2644400833071863,0.2136723393998022,0.7065527744013523,0.505257875691207,0.7039311553288201,0.5186442874952856,0.29037267750928725,0.9145857042783538,0.22405065860525097,0.6873018791756289,0.8636236459504272,0.48645898378312036,0.7623146298600039,0.8673154329174919,0.12111170246812897,0.24229314966552493,0.8007867536437396,0.4899382513782709,0.5488592548366711,0.24298558237793544,0.8168866961028927,1.0014610533354842,0.25825043182311685,0.6135657086640688,0.05774694947397366,0.1916373644371488,0.9441032380578305,0.2628906726704413,0.565161109227554,0.5459120704530209,0.7152265173949706,0.8705818972360034,0.25945488921753623,0.04079915646564277,0.3115553868303306,0.5607408142547602,0.0680543045378848,0.3962756254839959,0.723295402662869,0.37897763366354825,0.18956691859505853,0.5408831494220389,0.5776640095081631,0.2935665948168723,0.7150599606273293,0.33572506353365594,0.6053205897759577,0.5510641160121867
0.891669979301342,0.933746825556617,0.11178091596309687,0.49214935470647697,0.236443819996026,1.0344269723829616,0.5362627894571126,0.6523442600889771,0.2121690591815387,0.4767611015733525,0.6368671329112704,0.2902455381580833,0.8403832856461257,0.6800166176550659,0.0,0.4149657572689628,0.30026442302598977,1.148541082579167,0.5593832945441778,0.4316999926875601,0.6291705777260109,0.9163640238048859,1.0377930771585069,0.6845219754291277,0.5567135859661599,0.8329841300075422,1.062942020543359,0.8279558886525499,0.5735763881948053,0.41099750632775833,0.6737135016041274,0.956300231085021,0.3899759960851644,0.8158808474939437,0.8964424502062107,0.32081265342664833,0.8261108449541053,0.9264885074316619,0.7533087434837904,0.8987088058214133,0.935189417966559,0.538253821717191,0.6131859157503512,0.4970481450964984,0.586750866645984,0.253198095533879,0.8539064898594078,1.140576860648446,0.7351108846594837,0.05831401483428411,0.4563844876309177,1.011052920014556,0.715203564231601,0.8716971406440538,0.9316069860164997,0.8328890859381691,0.7835626780727155,1.0296887935773433,0.029750498669693003,0.7759162010572641,0.8667498854321612,0.6176783887269671,0.885294252746671,0.8252260645694088,1.1460646224848823,0.20479494955591748,1.190883193651283,0.7793974795531479,0.7945296853357336,0.8929805468334595,0.7033557735058827,0.3578891809581822,1.0363698456013,0.8474515927463698,0.3714374243203271,0.8617234044964566,0.43313664776559846,0.06978668105136221,0.6312298399142539,0.8640636263018192,0.6654292021558615,0.43437149711681705,0.13453322175843163,0.9750477207714974,1.1479050548531584,0.6026419859293332,0.7498447946579514,0.7044583198944304,0.6996699222806037,0.44453298179378814,0.7193185650517466,0.9178453049549276,1.1273338464948086,0.5479414821541264,0.8695142704868281,0.2562871527974695,1.0660513852049254,0.3865469851265018,1.0771625364566682,0.5872204944862178,0.7844363937234529,0.3622393800713366
0.6092962524389695,0.6296717392972229,0.3180481356989246,0.41845022039960095,0.30568302093043703,0.6229728396713182,0.41546952195979586,0.255927694530663,0.32774396020315205,0.2181433681792992,0.41941071151058495,0.29241493864514834,0.49398857477922337,0.45545910385072824,0.4149657572689628,0.0,0.12024085955775324,0.7354811177458074,0.16936760044920812,0.019991313976992144,0.22063265037951854,0.5514521399704537,0.6285208548588671,0.4142886757208776,0.19239248677989135,0.48752238000727227,0.6670228835512658,0.6273087559805515,0.4649325725484038,0.3799610347956989,0.28887400217508197,0.5549277822771163,0.2205854341549238,0.4595499417776053,0.554260541067361,0.09429266634349909,0.6005475083273891,0.6568391906003043,0.5394341259602056,0.4883852537608172,0.561044503412789,0.1677594628491181,0.22092387011880832,0.37601697104786846,0.37842472816661604,0.319207419244406,0.6656718591988592,0.7271354591691314,0.36360718701598765,0.42975108770116793,0.08613824190654615,0.6046653947655052,0.43294373343775444,0.45697050086760355,0.713831733917522,0.5136337737303378,0.40289006047049436,0.6399193350391154,0.44466249700792,0.3609604227781555,0.5168027924006284,0.4639693462197079,0.5899762432348962,0.4295107476832418,0.7371368655224187,0.34802323405906244,0.7775947312791963,0.47920825494616925,0.5728780782998679,0.697454303430493,0.4011527922647225,0.060847997507088095,0.6363837370076152,0.5161763829170161,0.37601459885788047,0.600877988998596,0.35084477821522214,0.35232371142352986,0.3980190065369098,0.6402780400426419,0.4977034586251143,0.2271927516658346,0.2851246109319783,0.5671436239037442,0.7355623828132081,0.4223374131784508,0.39005235268298627,0.4565000020115689,0.3165549907771324,0.11113022114953565,0.4562990589383968,0.5373971144718919,0.7132239857650037,0.14508281266837358,0.620637282957194,0.16316184888011664,0.6647546347976583,0.2751970234439416,0.6621991485460296,0.19747324161836424,0.3766875465070155,0.10318493515185809
0.7108723143603988,0.694015876184132,0.19885451180307806,0.3683311397738114,0.24428800378092824,0.7341629559602139,0.38199935847044747,0.3740496582988615,0.21441774296300858,0.2784069574919757,0.4814853749357201,0.1970459266560975,0.5642189316620017,0.4667507347998691,0.30026442302598977,0.12024085955775324,0.0,0.8484096901712568,0.28425804080257566,0.13928055519956714,0.32890661620790973,0.6640261732208684,0.7486632662161057,0.4946790029520954,0.2655983216224448,0.5941312536569965,0.7864186532999201,0.6357054105360027,0.49208151087260643,0.3715343488431769,0.37880755303877056,0.6748438104453922,0.17696250633532137,0.5345966790978257,0.6607597298689362,0.04151767121633362,0.6724182344173993,0.6940308457632087,0.6056588331354487,0.598458145761077,0.6471312175250278,0.2444574592374193,0.3153702056236729,0.3996549598265275,0.3776986549920754,0.21351113202691105,0.7275992454777985,0.8462124681565524,0.4761083505252513,0.31079054207417844,0.15834837429332452,0.7249041188096902,0.46947126815302587,0.5750996255894493,0.7311836792576153,0.5704381519459041,0.5183035162614705,0.7355518319655547,0.3299932646307062,0.4784436106829191,0.5892506556069831,0.5064557033936822,0.6370816773314755,0.5483926317758959,0.8572761399887412,0.23374921002943447,0.8907948208630116,0.5717120880910833,0.5878469894266938,0.7058896732454004,0.49209294303607654,0.0772218293664683,0.7385393679283422,0.5790038896740012,0.35452814449246556,0.683805555082345,0.29563186643927575,0.23492570312913094,0.40988685718244816,0.6581588239127105,0.546845677371678,0.20627207804286068,0.16736709689713192,0.6750986040196255,0.8476713415461706,0.471413706866397,0.4658892954770943,0.4781374505631652,0.4056856285064566,0.1929015092958018,0.48475003477773,0.6269467119136757,0.827604941266107,0.24780341748747506,0.6482398582562267,0.07485371798352697,0.7678613962841027,0.21764842715416607,0.7789584928065075,0.28963767596640505,0.4969208789293747,0.1252436069682292
0.1768698135989729,0.0347432985980235,1.0452533212403852,0.9114734768669016,1.016706522098518,0.11712227648234673,0.8614992377339353,0.5448629587548354,1.0158640363867653,0.7833480590400494,0.8297187661092141,0.9464108734842214,0.46172277212932983,0.7242389033317256,1.148541082579167,0.7354811177458074,0.8484096901712568,0.0,0.6248865307725199,0.7204625244165364,0.5198718127251967,0.514284023274317,0.24972675390547983,0.7489915812162323,0.611924843209528,0.5830770745222337,0.357577667268,0.7850121989224316,0.9707652673353255,1.0020879263043918,0.4969464602538136,0.34202543811486713,0.8213669723642933,0.44836790333061005,0.5889085275766711,0.829556918551158,0.8597182754143897,0.6495676696656695,0.8606391145101334,0.2521256153732238,0.34488212492339104,0.6238362732052206,0.5442787675216237,0.9295270171777028,0.7530167819760735,0.9889801990612247,0.9478010127722195,0.1660949744938552,0.5456784180051402,1.1565262367654046,0.6957153128284803,0.2862421351509049,0.626169003309791,0.2947802327785346,0.7769952937796807,0.5285108815793428,0.5004272113053662,0.24392061656763486,1.178288566124056,0.38046007216124267,0.44345613720798294,0.9210122907145012,0.5812801697114341,0.4313585944911103,0.24426929712738465,1.0364534295779073,0.042603949027585,0.6934754807848583,0.7361421964769229,0.8148948208121481,0.6922548395547783,0.7951205295913789,0.18334900406593724,0.4966504500528668,1.0227564331948138,0.7934785579976846,0.8922781040778279,1.0830291512750132,0.7151597865532737,0.7445752514902972,0.914213647849652,0.7842860277279639,1.0155359923749643,0.1861306225007434,0.015276975492255285,0.8782718824132076,0.4773528039984579,0.685056786628374,0.47718324508511084,0.7413835514920507,0.6581831676610145,0.3309295278668975,0.036018364991091505,0.6016637245067656,0.6897786370226133,0.8983713033663726,0.16127205098269834,0.8639059025587794,0.10894457191085907,0.5697915115192913,0.41284219538796363,0.8104987987468919
0.44248269972192733,0.6003694746775521,0.47396250027025266,0.5653035969973736,0.39390909648399847,0.5217990556754584,0.5511271311809313,0.0929610489299341,0.49633655221081635,0.17097995031857507,0.3182095482191457,0.460931309162633,0.4998026237482602,0.5478336894720656,0.5593832945441778,0.16936760044920812,0.28425804080257566,0.6248865307725199,0.0,0.14941254340795593,0.18370022334073544,0.3820873486723394,0.48025428802570863,0.284179760332686,0.25195444300589176,0.32083934824380334,0.5053378829320899,0.7128336689291476,0.4125170262713181,0.3903770124255183,0.28439831389139825,0.3969867468776831,0.3762172053052678,0.45964716523062893,0.3872769789709224,0.24916038645032693,0.47273158211175426,0.7043190479851767,0.42240032030039715,0.3978365437724542,0.5300691364607268,0.23253350257570427,0.22632394925553678,0.34139869623063596,0.4894827254636318,0.48857214853346376,0.5490936006212722,0.5884614807918993,0.194334234967565,0.5831586463198777,0.20717854779965209,0.4521278639778371,0.4969871371193206,0.3315006192432056,0.7850740336029318,0.5407343218925615,0.23418139788676326,0.5824763364663846,0.5882817045197479,0.24654409904281877,0.5165745230880978,0.38854924903741966,0.6267301210667181,0.26683240826504456,0.5879007266951413,0.5163756576627605,0.6651269097636495,0.3278970462193886,0.653433240464372,0.780076079714173,0.2555142648679792,0.20960905772651134,0.5622955517940675,0.5331193268131491,0.40448357240400473,0.45833278695616597,0.5034847188046333,0.5034084166590922,0.4947068649673311,0.7139410930426857,0.40899579893795807,0.37067361373636426,0.43876850594748373,0.47920124356587024,0.627867764030954,0.3414677111039356,0.39691532493846166,0.5370175332621958,0.30776690571757465,0.11949354175112617,0.5285417454957034,0.500374881880122,0.5976865740730621,0.1689549852827298,0.6829383248016171,0.3041670587225082,0.5868705785640554,0.4327361133721648,0.5375925265242201,0.21817212260334112,0.22800362182657274,0.19819851267970595
0.5898334647103053,0.6251052824261202,0.33625544192223056,0.43427989959429575,0.31367175310405326,0.6086369801427824,0.42946806361844964,0.2360590463413673,0.34769991832738917,0.2069378839831547,0.405928855408991,0.3120950457444808,0.4905288708534787,0.46308436540469616,0.4316999926875601,0.019991313976992144,0.13928055519956714,0.7204625244165364,0.14941254340795593,0.0,0.20864596611054742,0.5314998696669051,0.609988282150665,0.3980391295236456,0.1916202231054009,0.46794987049151304,0.6474643958676198,0.6346222976166843,0.45682260352308884,0.3783952752180208,0.28203928380270693,0.5355968247008138,0.2374187680709277,0.4551863931850672,0.5346690900609962,0.1109740459809652,0.5850607643396355,0.6592477742547151,0.5248965181022388,0.47460686832287563,0.5537231855710444,0.16685085637550803,0.21364341756047583,0.369123995795491,0.3884031301701742,0.3391604846415021,0.6514873170015739,0.7095059996544356,0.343685242512199,0.44776717305564673,0.0918344007518374,0.5857730974930807,0.4364872154306933,0.43999783136341997,0.7194664337987939,0.5128791398591941,0.3828999384019333,0.6300426328159242,0.4613425766962112,0.3444329812608913,0.5127613905533961,0.4533819596397262,0.5907889927835297,0.4098006954502862,0.718598780839545,0.36795858433709355,0.7624566697448397,0.4611600967114991,0.5793464968873835,0.7045563218776798,0.3834559774582136,0.07467911794583748,0.6247652222662855,0.5141864424372965,0.37666120250509605,0.5838824813594004,0.3675170815600067,0.3698861802741367,0.40595178941178905,0.6460367409098463,0.4859085357887398,0.241661946136986,0.3029142498035632,0.5539220478336849,0.7208239184224264,0.41091187831240467,0.38591258456778127,0.46245549674035874,0.30967944438062533,0.09885914923192074,0.46110804828979607,0.52929934718555,0.6976993337959234,0.1365860190239728,0.6248376126128772,0.17798675091492053,0.6528287065870492,0.2925925106208502,0.6457548541772583,0.19131888624380136,0.3577753117217352,0.1061799190810315
0.5134657460157905,0.43093754381952476,0.5254034294495815,0.4746726952510042,0.5206196613722432,0.4052620509875848,0.4439614173153955,0.18509234509985079,0.5037085313022683,0.34754108016391067,0.4991538357464335,0.4424103800475277,0.3161486813327114,0.395320586201767,0.6291705777260109,0.22063265037951854,0.32890661620790973,0.5198718127251967,0.18370022334073544,0.20864596611054742,0.0,0.4601173496862826,0.44947431510211033,0.4551193500817141,0.12291944577546683,0.4326885237603029,0.5155466693800472,0.5495011745776088,0.595598655662049,0.5583193749600313,0.10138946640654468,0.3998877944548359,0.32511330403966604,0.27615593832797913,0.4922231689493078,0.31284410792232586,0.6385991054539337,0.5245746808135215,0.5957267781450919,0.2695831626365239,0.3550909928181696,0.12118592880660065,0.05822864937911029,0.5211877078371063,0.35807482623834924,0.48161572991364454,0.7201755079128336,0.5316923759521047,0.30076298574114824,0.6368011160663791,0.1768382757284381,0.4344108821260325,0.3285347560680126,0.26039465098522224,0.6128178827443233,0.3582888049007581,0.31269504643431506,0.4230206198052705,0.65889688553121,0.1650716328615711,0.33337903048314305,0.5720863753564189,0.44522417091880806,0.30257407108962436,0.5554874152289339,0.5246256716493738,0.5623483534315169,0.47663400270205314,0.48862566172474237,0.6136541028790643,0.416059314724521,0.28146131495316734,0.41611990478325434,0.3496147484625519,0.5654275221218137,0.6117973283477258,0.42906623209795397,0.5632171096722364,0.3492607292715828,0.543980443760549,0.5910759766541088,0.2985356643261501,0.49576523976320064,0.3470800239683836,0.5188624224983992,0.5248980770638144,0.2134066032284351,0.37653436923572436,0.12406723537770696,0.26209815649845675,0.3632670638922079,0.32780851124077487,0.5001164833848033,0.08193203652942971,0.5084055548722092,0.3831699105256476,0.4442555224594195,0.37706974553350525,0.45561586801320897,0.07009038238770503,0.2249522307607893,0.3102590777755646
0.06570880641848498,0.5368700625509497,0.844462538342024,0.9259875064141656,0.7096301089435582,0.4733872446161013,0.9009765909771199,0.30215712741245976,0.8776508781174186,0.44457356650681046,0.37687999825567053,0.8424636119877591,0.6900195567697561,0.8497590676730812,0.9163640238048859,0.5514521399704537,0.6640261732208684,0.514284023274317,0.3820873486723394,0.5314998696669051,0.4601173496862826,0.0,0.268119473968569,0.29206728661915915,0.5787101709893399,0.0964773284955854,0.1984111864411576,0.9901668169992327,0.5243610074813345,0.6158040797497476,0.5359515385272984,0.17328330268587758,0.7499139324676081,0.651588867320798,0.07482827753966012,0.6264622436648765,0.35052598293285664,0.9251968735559027,0.365203532379147,0.4357653796967273,0.6467092324950691,0.5693441985867286,0.5181381582926953,0.5190609080441764,0.8181917232306553,0.8706589722970864,0.43638045694688804,0.383931359547527,0.18805079238754488,0.9487882073574219,0.5780658771773404,0.22949130195485318,0.7709016856045652,0.3143035573204032,1.0351397404047802,0.7551636557115843,0.1523886934292827,0.6281609829282403,0.9434064312255044,0.340321636546046,0.6926142877925778,0.4632998266232297,0.8411205903107073,0.1638577837664603,0.3344859665557501,0.8974350173331977,0.538409503529322,0.20440284733004702,0.9291682851245726,1.047855673722076,0.2436952744984534,0.587481925379683,0.5738963014607363,0.7333133947214259,0.6499615780957116,0.28047973713125135,0.8714012804775175,0.8687822068872396,0.807502634611685,0.9739883420086891,0.44105370571229574,0.7364945236576036,0.8082967541943802,0.4848553090599147,0.5257719971708443,0.43154126436962287,0.6184321645213604,0.8257300542589783,0.5428002649180859,0.47845475180708386,0.8080106166036076,0.6140401203537663,0.4782949400576472,0.5068060700801873,0.9292451279795407,0.6717419046503966,0.5814816580365711,0.8063655794648152,0.40567449745911394,0.5279260830612058,0.2461684106802515,0.560391514156963
